#numlinks numfiles_with_numlinks
127 7 0.000677637947725073
32 102 0.00987415295256534
90 19 0.00183930300096805
3816 1 9.68054211035818e-05
206 3 0.000290416263310745
118 6 0.000580832526621491
71 26 0.00251694094869313
620 1 9.68054211035818e-05
102 11 0.0010648596321394
358 1 9.68054211035818e-05
520 1 9.68054211035818e-05
16 162 0.0156824782187803
55 46 0.00445304937076476
84 22 0.0021297192642788
233 3 0.000290416263310745
194 3 0.000290416263310745
1681 1 9.68054211035818e-05
57 48 0.00464666021297193
458 1 9.68054211035818e-05
2516 1 9.68054211035818e-05
454 3 0.000290416263310745
316 3 0.000290416263310745
163 3 0.000290416263310745
89 29 0.00280735721200387
634 1 9.68054211035818e-05
175 1 9.68054211035818e-05
31 82 0.00793804453049371
35 73 0.00706679574056147
11 228 0.0220716360116167
492 1 9.68054211035818e-05
347 1 9.68054211035818e-05
208 2 0.000193610842207164
978 1 9.68054211035818e-05
665 1 9.68054211035818e-05
434 1 9.68054211035818e-05
93 12 0.00116166505324298
292 2 0.000193610842207164
1207 1 9.68054211035818e-05
29 95 0.00919651500484027
291 1 9.68054211035818e-05
374 2 0.000193610842207164
199 1 9.68054211035818e-05
442 1 9.68054211035818e-05
114 13 0.00125847047434656
58 36 0.00348499515972894
153 3 0.000290416263310745
211 5 0.000484027105517909
15 169 0.0163601161665053
431 2 0.000193610842207164
382 1 9.68054211035818e-05
337 1 9.68054211035818e-05
73 17 0.00164569215876089
1318 1 9.68054211035818e-05
101 14 0.00135527589545015
76 26 0.00251694094869313
62 27 0.00261374636979671
1329 1 9.68054211035818e-05
67 27 0.00261374636979671
241 1 9.68054211035818e-05
198 3 0.000290416263310745
139 6 0.000580832526621491
129 8 0.000774443368828654
585 1 9.68054211035818e-05
495 1 9.68054211035818e-05
3207 1 9.68054211035818e-05
944 1 9.68054211035818e-05
739 2 0.000193610842207164
1123 2 0.000193610842207164
1792 1 9.68054211035818e-05
273 1 9.68054211035818e-05
783 1 9.68054211035818e-05
236 1 9.68054211035818e-05
471 1 9.68054211035818e-05
465 1 9.68054211035818e-05
202 3 0.000290416263310745
218 6 0.000580832526621491
168 2 0.000193610842207164
184 3 0.000290416263310745
135 7 0.000677637947725073
14 169 0.0163601161665053
348 1 9.68054211035818e-05
145 6 0.000580832526621491
49 51 0.00493707647628267
178 5 0.000484027105517909
24 124 0.0120038722168441
1131 1 9.68054211035818e-05
285 1 9.68054211035818e-05
2046 1 9.68054211035818e-05
140 4 0.000387221684414327
8643 1 9.68054211035818e-05
124 10 0.000968054211035818
104 13 0.00125847047434656
131 5 0.000484027105517909
627 1 9.68054211035818e-05
181 5 0.000484027105517909
385 2 0.000193610842207164
234 2 0.000193610842207164
307 1 9.68054211035818e-05
154 6 0.000580832526621491
754 1 9.68054211035818e-05
23 117 0.0113262342691191
364 1 9.68054211035818e-05
96 18 0.00174249757986447
355 1 9.68054211035818e-05
159 2 0.000193610842207164
553 1 9.68054211035818e-05
486 1 9.68054211035818e-05
509 1 9.68054211035818e-05
160 5 0.000484027105517909
569 1 9.68054211035818e-05
47 47 0.00454985479186834
8 337 0.0326234269119071
3239 1 9.68054211035818e-05
98 11 0.0010648596321394
1886 1 9.68054211035818e-05
37 78 0.00755082284607938
43 58 0.00561471442400774
270 1 9.68054211035818e-05
485 1 9.68054211035818e-05
195 1 9.68054211035818e-05
5 1599 0.154791868344627
391 1 9.68054211035818e-05
21 140 0.0135527589545015
193 2 0.000193610842207164
288 3 0.000290416263310745
119 9 0.000871248789932236
1645 1 9.68054211035818e-05
324 3 0.000290416263310745
180 5 0.000484027105517909
244 1 9.68054211035818e-05
162 7 0.000677637947725073
647 1 9.68054211035818e-05
74 23 0.00222652468538238
61 27 0.00261374636979671
230 2 0.000193610842207164
299 1 9.68054211035818e-05
1289 1 9.68054211035818e-05
115 12 0.00116166505324298
377 1 9.68054211035818e-05
103 18 0.00174249757986447
201 5 0.000484027105517909
602 1 9.68054211035818e-05
536 1 9.68054211035818e-05
841 1 9.68054211035818e-05
423 1 9.68054211035818e-05
113 14 0.00135527589545015
152 5 0.000484027105517909
189 1 9.68054211035818e-05
452 2 0.000193610842207164
266 1 9.68054211035818e-05
91 10 0.000968054211035818
480 1 9.68054211035818e-05
107 9 0.000871248789932236
87 22 0.0021297192642788
481 1 9.68054211035818e-05
174 2 0.000193610842207164
77 19 0.00183930300096805
867 1 9.68054211035818e-05
214 3 0.000290416263310745
541 1 9.68054211035818e-05
508 1 9.68054211035818e-05
221 2 0.000193610842207164
39 67 0.00648596321393998
64 33 0.0031945788964182
97 16 0.00154888673765731
12 203 0.0196515004840271
41 75 0.00726040658276864
52 44 0.0042594385285576
312 1 9.68054211035818e-05
229 2 0.000193610842207164
45 49 0.00474346563407551
260 3 0.000290416263310745
866 1 9.68054211035818e-05
5454 1 9.68054211035818e-05
237 2 0.000193610842207164
309 1 9.68054211035818e-05
68 19 0.00183930300096805
188 5 0.000484027105517909
734 1 9.68054211035818e-05
567 1 9.68054211035818e-05
1 108 0.0104549854791868
136 5 0.000484027105517909
116 13 0.00125847047434656
506 1 9.68054211035818e-05
144 5 0.000484027105517909
914 1 9.68054211035818e-05
100 14 0.00135527589545015
640 1 9.68054211035818e-05
25 119 0.0115198451113262
120 5 0.000484027105517909
83 22 0.0021297192642788
305 1 9.68054211035818e-05
1468 1 9.68054211035818e-05
928 1 9.68054211035818e-05
308 2 0.000193610842207164
254 3 0.000290416263310745
177 2 0.000193610842207164
496 1 9.68054211035818e-05
373 1 9.68054211035818e-05
328 2 0.000193610842207164
239 2 0.000193610842207164
777 1 9.68054211035818e-05
122 7 0.000677637947725073
143 4 0.000387221684414327
464 2 0.000193610842207164
628 2 0.000193610842207164
269 1 9.68054211035818e-05
205 1 9.68054211035818e-05
158 4 0.000387221684414327
22 119 0.0115198451113262
42 63 0.00609874152952565
363 1 9.68054211035818e-05
46 48 0.00464666021297193
235 2 0.000193610842207164
1051 1 9.68054211035818e-05
6 626 0.0606001936108422
436 1 9.68054211035818e-05
36 77 0.0074540174249758
497 1 9.68054211035818e-05
213 1 9.68054211035818e-05
183 7 0.000677637947725073
94 17 0.00164569215876089
51 37 0.00358180058083253
1822 1 9.68054211035818e-05
439 1 9.68054211035818e-05
652 1 9.68054211035818e-05
296 1 9.68054211035818e-05
411 1 9.68054211035818e-05
132 8 0.000774443368828654
169 2 0.000193610842207164
171 7 0.000677637947725073
48991 1 9.68054211035818e-05
546 1 9.68054211035818e-05
386 2 0.000193610842207164
407 1 9.68054211035818e-05
796 1 9.68054211035818e-05
1474 1 9.68054211035818e-05
200 2 0.000193610842207164
18 158 0.0152952565343659
366 1 9.68054211035818e-05
1339 1 9.68054211035818e-05
522 1 9.68054211035818e-05
125 8 0.000774443368828654
525 1 9.68054211035818e-05
44 56 0.00542110358180058
27 96 0.00929332042594385
1561 1 9.68054211035818e-05
272 3 0.000290416263310745
161 2 0.000193610842207164
190 3 0.000290416263310745
1893 1 9.68054211035818e-05
298 3 0.000290416263310745
95 15 0.00145208131655373
534 1 9.68054211035818e-05
20 131 0.0126815101645692
109 15 0.00145208131655373
243 3 0.000290416263310745
633 1 9.68054211035818e-05
551 1 9.68054211035818e-05
151 4 0.000387221684414327
148 3 0.000290416263310745
343 3 0.000290416263310745
504 1 9.68054211035818e-05
1058 1 9.68054211035818e-05
287 3 0.000290416263310745
441 1 9.68054211035818e-05
78 15 0.00145208131655373
397 1 9.68054211035818e-05
294 1 9.68054211035818e-05
106 24 0.00232333010648596
157 5 0.000484027105517909
65 34 0.00329138431752178
197 6 0.000580832526621491
203 1 9.68054211035818e-05
261 3 0.000290416263310745
138 6 0.000580832526621491
137 5 0.000484027105517909
81 20 0.00193610842207164
60 35 0.00338818973862536
459 3 0.000290416263310745
1400 1 9.68054211035818e-05
321 2 0.000193610842207164
86 20 0.00193610842207164
247 2 0.000193610842207164
289 1 9.68054211035818e-05
2308 1 9.68054211035818e-05
1195 1 9.68054211035818e-05
2921 1 9.68054211035818e-05
17 180 0.0174249757986447
2 127 0.0122942884801549
435 1 9.68054211035818e-05
427 1 9.68054211035818e-05
3978 1 9.68054211035818e-05
814 1 9.68054211035818e-05
186 3 0.000290416263310745
110 10 0.000968054211035818
82 15 0.00145208131655373
147 5 0.000484027105517909
333 2 0.000193610842207164
339 1 9.68054211035818e-05
228 1 9.68054211035818e-05
323 1 9.68054211035818e-05
268 2 0.000193610842207164
69 18 0.00174249757986447
345 1 9.68054211035818e-05
112 17 0.00164569215876089
191 5 0.000484027105517909
172 2 0.000193610842207164
1878 1 9.68054211035818e-05
224 1 9.68054211035818e-05
187 2 0.000193610842207164
223 2 0.000193610842207164
613 1 9.68054211035818e-05
588 2 0.000193610842207164
756 1 9.68054211035818e-05
446 1 9.68054211035818e-05
282 1 9.68054211035818e-05
262 2 0.000193610842207164
420 1 9.68054211035818e-05
79 17 0.00164569215876089
121 7 0.000677637947725073
212 1 9.68054211035818e-05
639 2 0.000193610842207164
344 1 9.68054211035818e-05
1613 1 9.68054211035818e-05
126 8 0.000774443368828654
238 2 0.000193610842207164
251 2 0.000193610842207164
253 4 0.000387221684414327
561 1 9.68054211035818e-05
2809 1 9.68054211035818e-05
651 1 9.68054211035818e-05
176 6 0.000580832526621491
448 1 9.68054211035818e-05
209 5 0.000484027105517909
483 2 0.000193610842207164
357 1 9.68054211035818e-05
256 1 9.68054211035818e-05
216 2 0.000193610842207164
117 10 0.000968054211035818
170 5 0.000484027105517909
33 71 0.00687318489835431
1769 1 9.68054211035818e-05
63 36 0.00348499515972894
428 1 9.68054211035818e-05
7 402 0.0389157792836399
227 2 0.000193610842207164
26 108 0.0104549854791868
80 14 0.00135527589545015
1637 1 9.68054211035818e-05
977 1 9.68054211035818e-05
336 1 9.68054211035818e-05
99 11 0.0010648596321394
72 27 0.00261374636979671
179 4 0.000387221684414327
383 2 0.000193610842207164
500 1 9.68054211035818e-05
264 1 9.68054211035818e-05
869 1 9.68054211035818e-05
255 2 0.000193610842207164
297 1 9.68054211035818e-05
182 4 0.000387221684414327
108 9 0.000871248789932236
277 1 9.68054211035818e-05
92 20 0.00193610842207164
1697 1 9.68054211035818e-05
232 1 9.68054211035818e-05
477 1 9.68054211035818e-05
10 234 0.0226524685382381
225 1 9.68054211035818e-05
142 7 0.000677637947725073
207 6 0.000580832526621491
263 3 0.000290416263310745
167 1 9.68054211035818e-05
48 41 0.00396902226524685
514 2 0.000193610842207164
133 3 0.000290416263310745
290 1 9.68054211035818e-05
625 1 9.68054211035818e-05
149 3 0.000290416263310745
123 10 0.000968054211035818
50 61 0.00590513068731849
210 1 9.68054211035818e-05
8937 1 9.68054211035818e-05
258 1 9.68054211035818e-05
173 4 0.000387221684414327
56 36 0.00348499515972894
66 27 0.00261374636979671
19 148 0.0143272023233301
293 2 0.000193610842207164
54 42 0.00406582768635044
365 1 9.68054211035818e-05
274 1 9.68054211035818e-05
306 1 9.68054211035818e-05
70 25 0.00242013552758954
322 2 0.000193610842207164
1141 1 9.68054211035818e-05
166 8 0.000774443368828654
375 2 0.000193610842207164
88 15 0.00145208131655373
30 78 0.00755082284607938
141 11 0.0010648596321394
788 1 9.68054211035818e-05
128 8 0.000774443368828654
466 1 9.68054211035818e-05
252 1 9.68054211035818e-05
28 106 0.0102613746369797
310 2 0.000193610842207164
156 5 0.000484027105517909
40 48 0.00464666021297193
75 32 0.00309777347531462
283 2 0.000193610842207164
134 7 0.000677637947725073
303 1 9.68054211035818e-05
589 1 9.68054211035818e-05
250 3 0.000290416263310745
192 1 9.68054211035818e-05
59 37 0.00358180058083253
12054 1 9.68054211035818e-05
215 2 0.000193610842207164
687 1 9.68054211035818e-05
450 2 0.000193610842207164
818 1 9.68054211035818e-05
150 5 0.000484027105517909
271 1 9.68054211035818e-05
155 4 0.000387221684414327
130 13 0.00125847047434656
53 32 0.00309777347531462
245 2 0.000193610842207164
543 1 9.68054211035818e-05
267 1 9.68054211035818e-05
491 1 9.68054211035818e-05
354 1 9.68054211035818e-05
219 1 9.68054211035818e-05
1134 1 9.68054211035818e-05
13 178 0.0172313649564376
257 1 9.68054211035818e-05
105 13 0.00125847047434656
799 1 9.68054211035818e-05
85 13 0.00125847047434656
3 164 0.0158760890609874
185 7 0.000677637947725073
390 1 9.68054211035818e-05
248 1 9.68054211035818e-05
332 1 9.68054211035818e-05
111 7 0.000677637947725073
9 221 0.0213939980638916
146 11 0.0010648596321394
1099 1 9.68054211035818e-05
356 1 9.68054211035818e-05
38 74 0.00716360116166505
4 163 0.0157792836398838
1985 1 9.68054211035818e-05
34 83 0.00803484995159729
164 6 0.000580832526621491
196 4 0.000387221684414327
242 1 9.68054211035818e-05
