#numlinks numfiles_with_numlinks
127 3 0.000290416263310745
32 88 0.0085188770571152
90 18 0.00174249757986447
206 1 9.68054211035818e-05
71 26 0.00251694094869313
118 7 0.000677637947725073
102 9 0.000871248789932236
407 1 9.68054211035818e-05
200 1 9.68054211035818e-05
18 152 0.0147144240077444
125 10 0.000968054211035818
16 151 0.0146176185866409
44 61 0.00590513068731849
55 32 0.00309777347531462
84 13 0.00125847047434656
27 112 0.0108422071636012
161 3 0.000290416263310745
190 2 0.000193610842207164
194 1 9.68054211035818e-05
95 12 0.00116166505324298
57 30 0.00290416263310745
220 1 9.68054211035818e-05
20 147 0.0142303969022265
109 7 0.000677637947725073
89 18 0.00174249757986447
175 1 9.68054211035818e-05
148 1 9.68054211035818e-05
31 86 0.00832526621490804
35 80 0.00774443368828654
11 169 0.0163601161665053
78 20 0.00193610842207164
397 1 9.68054211035818e-05
93 19 0.00183930300096805
106 5 0.000484027105517909
325 1 9.68054211035818e-05
65 28 0.00271055179090029
29 92 0.00890609874152953
197 2 0.000193610842207164
203 1 9.68054211035818e-05
261 1 9.68054211035818e-05
138 3 0.000290416263310745
114 4 0.000387221684414327
226 1 9.68054211035818e-05
58 31 0.00300096805421104
211 2 0.000193610842207164
15 153 0.014811229428848
137 1 9.68054211035818e-05
81 13 0.00125847047434656
60 29 0.00280735721200387
101 9 0.000871248789932236
73 20 0.00193610842207164
76 23 0.00222652468538238
86 10 0.000968054211035818
62 33 0.0031945788964182
247 2 0.000193610842207164
67 24 0.00232333010648596
139 4 0.000387221684414327
129 4 0.000387221684414327
911 1 9.68054211035818e-05
2 2556 0.247434656340755
17 171 0.0165537270087125
327 1 9.68054211035818e-05
186 1 9.68054211035818e-05
82 15 0.00145208131655373
110 4 0.000387221684414327
147 5 0.000484027105517909
228 1 9.68054211035818e-05
218 1 9.68054211035818e-05
135 1 9.68054211035818e-05
14 157 0.0151984511132623
69 24 0.00232333010648596
112 6 0.000580832526621491
172 2 0.000193610842207164
191 1 9.68054211035818e-05
145 3 0.000290416263310745
49 49 0.00474346563407551
178 3 0.000290416263310745
24 143 0.0138431752178122
187 1 9.68054211035818e-05
140 4 0.000387221684414327
223 1 9.68054211035818e-05
124 2 0.000193610842207164
104 7 0.000677637947725073
131 3 0.000290416263310745
234 1 9.68054211035818e-05
307 1 9.68054211035818e-05
262 1 9.68054211035818e-05
79 14 0.00135527589545015
121 3 0.000290416263310745
154 3 0.000290416263310745
0 412 0.0398838334946757
23 131 0.0126815101645692
96 6 0.000580832526621491
126 2 0.000193610842207164
159 3 0.000290416263310745
326 2 0.000193610842207164
160 2 0.000193610842207164
176 1 9.68054211035818e-05
47 56 0.00542110358180058
8 206 0.0199419167473379
209 1 9.68054211035818e-05
98 9 0.000871248789932236
216 1 9.68054211035818e-05
37 78 0.00755082284607938
117 4 0.000387221684414327
43 62 0.00600193610842207
270 3 0.000290416263310745
5 207 0.0200387221684414
170 1 9.68054211035818e-05
33 93 0.00900290416263311
21 171 0.0165537270087125
63 36 0.00348499515972894
7 213 0.0206195546950629
26 125 0.0121006776379477
80 18 0.00174249757986447
193 1 9.68054211035818e-05
119 5 0.000484027105517909
99 12 0.00116166505324298
179 1 9.68054211035818e-05
72 33 0.0031945788964182
264 1 9.68054211035818e-05
74 21 0.00203291384317522
440 1 9.68054211035818e-05
61 32 0.00309777347531462
108 4 0.000387221684414327
115 5 0.000484027105517909
92 19 0.00183930300096805
103 5 0.000484027105517909
232 1 9.68054211035818e-05
10 191 0.0184898354307841
113 6 0.000580832526621491
152 2 0.000193610842207164
189 1 9.68054211035818e-05
142 5 0.000484027105517909
91 11 0.0010648596321394
167 2 0.000193610842207164
107 12 0.00116166505324298
48 40 0.00387221684414327
87 16 0.00154888673765731
474 1 9.68054211035818e-05
174 1 9.68054211035818e-05
692 1 9.68054211035818e-05
77 23 0.00222652468538238
133 2 0.000193610842207164
290 1 9.68054211035818e-05
123 4 0.000387221684414327
50 42 0.00406582768635044
39 71 0.00687318489835431
210 1 9.68054211035818e-05
64 40 0.00387221684414327
97 12 0.00116166505324298
12 172 0.0166505324298161
41 49 0.00474346563407551
52 44 0.0042594385285576
173 3 0.000290416263310745
56 30 0.00290416263310745
229 1 9.68054211035818e-05
66 40 0.00387221684414327
45 54 0.00522749273959342
19 149 0.0144240077444337
54 25 0.00242013552758954
237 1 9.68054211035818e-05
309 1 9.68054211035818e-05
70 35 0.00338818973862536
188 2 0.000193610842207164
68 33 0.0031945788964182
166 3 0.000290416263310745
1 143 0.0138431752178122
136 2 0.000193610842207164
116 4 0.000387221684414327
88 9 0.000871248789932236
141 4 0.000387221684414327
30 116 0.0112294288480155
144 2 0.000193610842207164
946 1 9.68054211035818e-05
100 7 0.000677637947725073
25 133 0.0128751210067764
128 4 0.000387221684414327
120 6 0.000580832526621491
28 115 0.0111326234269119
286 1 9.68054211035818e-05
156 2 0.000193610842207164
75 20 0.00193610842207164
83 12 0.00116166505324298
134 5 0.000484027105517909
40 66 0.0063891577928364
192 1 9.68054211035818e-05
381 1 9.68054211035818e-05
59 29 0.00280735721200387
177 1 9.68054211035818e-05
150 3 0.000290416263310745
130 4 0.000387221684414327
155 1 9.68054211035818e-05
217 1 9.68054211035818e-05
53 24 0.00232333010648596
328 2 0.000193610842207164
267 1 9.68054211035818e-05
122 5 0.000484027105517909
205 1 9.68054211035818e-05
158 3 0.000290416263310745
22 136 0.0131655372700871
42 59 0.00571151984511133
219 2 0.000193610842207164
46 42 0.00406582768635044
13 144 0.0139399806389158
105 9 0.000871248789932236
235 1 9.68054211035818e-05
473 1 9.68054211035818e-05
6 204 0.0197483059051307
694 1 9.68054211035818e-05
782 1 9.68054211035818e-05
85 15 0.00145208131655373
36 85 0.00822846079380445
3 201 0.0194578896418199
94 4 0.000387221684414327
146 3 0.000290416263310745
9 211 0.0204259438528558
51 50 0.00484027105517909
111 13 0.00125847047434656
472 1 9.68054211035818e-05
38 69 0.00667957405614714
4 198 0.0191674733785092
34 68 0.00658276863504356
132 2 0.000193610842207164
169 2 0.000193610842207164
164 1 9.68054211035818e-05
171 2 0.000193610842207164
