6733 1
6260 1
6150 1
5715 1
5131 1
4621 1
4597 1
4243 1
4107 1
3460 1
3340 1
3203 1
3145 1
3144 1
3025 1
3014 1
2946 1
2932 1
2742 1
2730 1
2718 1
2690 1
2577 1
2572 1
2545 1
2540 1
2407 1
2355 1
2307 1
2300 1
2276 1
2175 1
2116 1
2092 1
2076 1
1910 1
1861 1
1772 1
1645 1
1599 1
1587 1
1557 1
1542 1
1498 1
1497 1
1494 1
1468 1
1387 1
1377 1
1361 1
1328 1
1324 1
1310 1
1290 1
1273 1
1266 1
1248 1
1225 1
1219 1
1217 2
1208 1
1169 1
1157 1
1156 1
1154 1
1149 1
1147 1
1146 1
1131 1
1130 1
1110 1
1091 2
1088 1
1084 1
1080 1
1076 2
1073 1
1063 1
1056 1
1049 1
1045 1
1044 1
1042 1
1040 1
1034 1
1032 1
1029 1
1027 1
1026 1
1019 1
1007 1
1005 1
995 1
994 5
993 2
992 1
990 1
989 1
983 1
961 1
952 1
940 1
939 2
931 1
928 1
921 1
911 1
897 1
894 2
871 1
869 1
862 1
861 1
860 1
859 1
855 1
854 1
852 1
851 2
849 1
839 1
835 1
834 1
832 1
830 1
829 1
821 1
817 1
815 1
803 1
802 1
800 1
785 1
783 1
782 2
777 1
775 1
770 1
766 1
765 1
762 1
756 1
755 1
753 1
750 2
749 1
747 1
740 1
739 1
737 1
736 1
735 1
734 1
728 1
726 1
722 2
716 1
714 1
713 1
712 1
708 3
707 1
706 2
705 3
704 1
703 2
695 1
693 1
692 1
691 2
687 2
686 1
683 1
681 2
679 2
678 3
677 1
675 1
669 1
668 1
667 1
666 2
663 1
661 2
660 2
659 2
657 1
655 2
654 2
653 2
652 1
651 1
649 3
648 1
647 1
645 1
643 1
642 3
641 1
640 1
639 2
638 1
637 2
636 1
634 1
633 1
632 2
631 1
630 1
629 1
627 2
625 2
624 1
622 8
621 2
620 1
619 1
617 2
616 1
615 1
614 1
613 2
612 1
609 3
607 2
606 1
604 1
603 1
600 3
599 1
598 2
597 1
594 1
593 1
591 2
590 3
589 2
588 2
587 2
585 1
583 1
582 1
581 2
580 1
579 1
576 1
574 1
573 2
572 6
571 1
570 2
568 1
566 2
565 2
564 1
563 1
562 1
560 2
559 1
558 2
557 1
555 1
554 1
553 1
552 1
550 3
549 1
548 1
547 1
546 1
544 1
543 1
542 1
541 3
540 1
537 4
536 1
535 1
534 1
533 2
532 2
531 1
530 1
529 3
528 2
526 1
525 7
524 1
523 2
522 1
521 2
520 1
519 3
517 1
516 1
515 1
514 1
513 2
512 3
510 2
509 4
507 3
506 3
505 3
504 1
503 3
502 1
501 2
500 3
499 4
498 3
497 1
496 1
495 1
494 1
493 1
492 1
491 4
490 2
489 3
488 3
486 4
485 1
484 3
483 2
482 2
481 3
480 1
479 2
478 1
477 1
476 1
475 4
474 4
473 3
472 3
471 3
470 2
469 1
468 1
467 3
466 2
465 2
464 5
463 1
461 2
460 4
459 3
458 3
457 2
456 1
455 3
454 6
453 3
452 3
451 5
450 6
449 7
448 1
447 4
446 4
445 6
444 1
442 1
441 2
440 4
439 3
438 3
437 1
436 2
435 5
434 3
433 2
432 6
431 4
430 4
429 5
428 2
427 1
426 1
425 3
424 1
423 3
422 1
421 3
420 2
419 9
418 2
417 5
416 4
415 6
414 4
413 6
412 2
411 4
410 2
409 2
408 6
407 8
406 1
405 3
404 4
403 3
402 4
401 4
400 4
399 3
398 6
397 6
396 2
395 4
394 7
393 5
392 2
391 4
389 5
388 3
387 4
386 9
385 5
384 6
383 2
382 6
381 4
380 3
379 7
377 8
376 6
375 4
374 7
373 1
372 6
371 5
370 5
369 6
368 5
367 5
366 3
365 5
364 4
363 4
362 4
361 6
360 5
359 5
358 6
357 6
356 2
355 3
354 8
353 7
352 5
351 2
350 7
349 5
348 3
347 6
346 7
345 5
344 4
343 10
342 6
341 6
340 8
339 7
338 8
337 7
336 8
335 8
334 8
333 6
332 4
331 8
330 4
329 12
328 10
327 12
326 9
325 10
324 6
323 7
322 10
321 11
320 8
319 12
318 3
317 5
316 6
315 9
314 4
313 14
312 7
311 11
310 14
309 6
308 10
307 7
306 7
305 9
304 12
303 12
302 11
301 9
300 7
299 12
298 7
297 9
296 13
295 12
294 15
293 9
292 9
291 15
290 13
289 14
288 12
287 14
286 14
285 8
284 17
283 7
282 15
281 16
280 12
279 10
278 19
277 22
276 10
275 10
274 12
273 11
272 14
271 19
270 24
269 13
268 13
267 14
266 19
265 19
264 19
263 21
262 20
261 27
260 19
259 41
258 24
257 8
256 16
255 18
254 18
253 23
252 21
251 23
250 30
249 15
248 22
247 28
246 21
245 21
244 23
243 22
242 22
241 19
240 22
239 21
238 18
237 26
236 22
235 33
234 25
233 28
232 25
231 24
230 29
229 32
228 27
227 23
226 29
225 30
224 32
223 37
222 40
221 37
220 36
219 40
218 42
217 43
216 44
215 36
214 35
213 32
212 33
211 37
210 42
209 41
208 48
207 52
206 38
205 42
204 34
203 44
202 48
201 49
200 31
199 43
198 54
197 46
196 49
195 60
194 51
193 59
192 61
191 55
190 51
189 55
188 57
187 58
186 59
185 57
184 59
183 67
182 71
181 63
180 65
179 58
178 47
177 61
176 80
175 60
174 73
173 61
172 73
171 71
170 79
169 81
168 83
167 80
166 85
165 86
164 74
163 91
162 112
161 96
160 82
159 94
158 89
157 107
156 134
155 112
154 97
153 104
152 101
151 114
150 112
149 126
148 141
147 120
146 119
145 134
144 138
143 131
142 146
141 146
140 148
139 123
138 130
137 145
136 173
135 144
134 135
133 177
132 179
131 164
130 204
129 158
128 187
127 213
126 163
125 192
124 196
123 191
122 190
121 232
120 255
119 199
118 236
117 223
116 232
115 229
114 274
113 264
112 276
111 268
110 279
109 327
108 253
107 311
106 320
105 305
104 344
103 347
102 337
101 349
100 324
99 394
98 430
97 400
96 420
95 432
94 431
93 467
92 469
91 441
90 495
89 516
88 532
87 511
86 523
85 544
84 567
83 616
82 647
81 605
80 628
79 713
78 752
77 756
76 760
75 813
74 817
73 853
72 875
71 919
70 925
69 981
68 961
67 1359
66 1229
65 1079
64 1110
63 1258
62 1185
61 1334
60 1269
59 1425
58 1439
57 1500
56 1450
55 1565
54 1698
53 1661
52 1764
51 1828
50 1902
49 1906
48 2049
47 2108
46 2270
45 2348
44 2354
43 2526
42 2642
41 2755
40 2837
39 3006
38 3132
37 3194
36 3391
35 4028
34 3728
33 3727
32 3991
31 4399
30 4598
29 4678
28 4877
27 5264
26 5423
25 5561
24 6102
23 6359
22 6712
21 7449
20 7914
19 8110
18 8872
17 9219
16 9799
15 10554
14 11279
13 12096
12 13139
11 14321
10 15356
9 17576
8 18045
7 20095
6 21702
5 24397
4 31423
3 7538
2 1836
1 2751
0 6125
