28838 1
16098 1
15968 1
15051 1
13947 1
13486 1
12858 1
12810 1
12158 1
11948 1
11149 1
11112 1
11071 1
10823 1
10630 1
10552 1
10263 1
10207 1
9483 1
9295 1
9259 1
9165 1
9116 1
8745 1
8671 1
8630 1
8621 1
8568 1
8523 1
8384 1
8365 1
8264 1
8145 1
8116 1
8066 1
8061 1
7974 1
7973 1
7934 1
7927 1
7922 1
7888 1
7644 1
7531 1
7487 1
7401 1
7400 1
7352 1
7285 1
7276 1
7247 1
7243 1
7236 1
7202 1
7122 1
7040 1
7023 1
7003 1
6939 1
6883 1
6873 1
6838 1
6835 1
6621 1
6531 1
6515 1
6513 1
6503 1
6482 1
6444 1
6386 1
6328 1
6308 2
6232 1
6173 1
6165 1
6158 1
6143 1
6133 1
6096 1
6067 1
6044 1
6038 1
6005 1
5998 1
5983 1
5893 1
5867 1
5838 1
5830 1
5807 1
5761 1
5752 1
5718 1
5694 1
5656 1
5651 1
5641 1
5620 1
5604 1
5600 1
5594 1
5567 1
5537 1
5518 1
5513 1
5507 1
5487 1
5486 1
5482 1
5470 1
5451 1
5386 1
5370 1
5363 1
5338 1
5331 1
5315 1
5310 1
5302 1
5289 1
5255 1
5244 1
5222 1
5187 1
5186 1
5185 1
5161 1
5156 1
5155 1
5149 1
5146 1
5141 1
5122 1
5103 1
5099 1
5072 1
5061 1
5023 1
5004 1
4993 1
4992 1
4978 1
4976 1
4970 1
4958 1
4955 1
4948 1
4946 2
4928 1
4924 1
4885 1
4883 1
4866 1
4862 1
4825 1
4811 1
4808 1
4796 1
4762 2
4747 1
4696 1
4693 1
4678 1
4669 1
4657 1
4642 1
4636 1
4635 1
4633 1
4631 1
4624 1
4618 1
4610 1
4607 1
4576 1
4571 1
4567 1
4566 1
4558 1
4554 2
4549 1
4527 1
4506 1
4504 1
4498 1
4487 1
4485 1
4480 1
4467 1
4458 1
4437 1
4416 2
4415 1
4406 1
4403 1
4383 1
4358 1
4349 1
4332 1
4321 2
4313 1
4311 1
4287 1
4278 1
4269 1
4244 1
4242 2
4238 1
4233 1
4226 1
4223 1
4221 1
4209 1
4206 1
4203 1
4191 1
4186 2
4173 1
4169 1
4162 1
4157 1
4156 1
4152 1
4141 1
4137 1
4118 1
4109 1
4107 1
4104 1
4095 1
4094 1
4083 1
4070 1
4067 1
4064 1
4059 2
4051 1
4046 1
4042 1
4041 1
4036 1
4031 1
4028 1
4027 1
4005 1
4001 1
3989 1
3988 1
3985 1
3982 1
3981 1
3976 1
3969 1
3966 1
3965 1
3958 1
3944 1
3940 1
3936 1
3930 1
3920 1
3916 1
3905 1
3895 1
3894 1
3890 2
3882 1
3880 1
3872 1
3864 1
3855 1
3851 1
3840 1
3832 1
3831 1
3825 1
3818 1
3816 1
3814 1
3809 1
3804 1
3803 1
3798 1
3793 1
3791 1
3790 2
3786 1
3785 1
3780 2
3755 1
3753 1
3745 2
3739 1
3735 1
3728 1
3721 1
3714 1
3706 1
3700 1
3697 1
3684 1
3679 1
3676 1
3674 1
3673 1
3667 1
3663 1
3660 1
3654 1
3651 1
3636 1
3635 1
3632 1
3624 1
3622 1
3618 1
3614 2
3610 1
3605 1
3600 2
3591 1
3588 1
3587 1
3583 1
3579 2
3574 1
3569 1
3563 1
3558 2
3545 1
3539 1
3538 1
3528 1
3517 1
3515 1
3507 1
3502 1
3498 1
3496 1
3475 1
3468 2
3466 2
3465 1
3464 2
3462 2
3461 1
3453 1
3446 1
3445 1
3442 1
3435 2
3433 1
3429 1
3424 1
3423 2
3421 1
3414 1
3410 1
3409 1
3408 1
3400 1
3390 1
3382 1
3379 1
3377 1
3376 1
3371 1
3370 1
3369 1
3367 1
3364 1
3363 1
3358 2
3357 1
3355 1
3352 1
3349 1
3348 1
3347 1
3346 1
3340 1
3337 1
3336 1
3334 1
3333 1
3329 1
3326 1
3325 1
3320 1
3316 1
3312 1
3306 1
3303 1
3298 3
3296 1
3293 1
3285 1
3284 1
3277 2
3276 1
3269 1
3261 2
3259 1
3258 1
3256 1
3251 1
3250 1
3246 1
3245 1
3237 1
3232 2
3226 2
3220 1
3214 1
3209 1
3206 3
3204 2
3198 1
3197 1
3193 2
3189 1
3188 1
3187 1
3178 2
3175 1
3165 1
3163 2
3161 1
3152 1
3150 1
3149 1
3145 1
3144 1
3139 1
3138 1
3136 1
3128 1
3124 1
3123 1
3118 1
3116 2
3113 1
3110 1
3109 1
3108 1
3106 1
3105 1
3102 1
3099 2
3095 1
3093 1
3089 1
3088 1
3087 1
3085 1
3077 1
3076 2
3069 3
3068 1
3061 1
3060 1
3056 1
3055 2
3054 1
3053 3
3047 1
3045 2
3042 2
3038 2
3031 1
3029 2
3026 1
3016 1
3013 3
3012 1
3011 1
3009 1
3008 1
3007 1
3001 1
2996 2
2995 1
2994 1
2993 1
2992 3
2987 1
2983 1
2979 1
2978 1
2975 2
2974 1
2971 1
2966 1
2961 1
2960 1
2959 1
2954 1
2953 1
2952 1
2946 1
2944 1
2943 1
2942 1
2940 1
2939 1
2937 2
2936 1
2932 1
2921 1
2917 2
2914 1
2909 1
2908 2
2906 2
2904 1
2903 1
2901 1
2900 1
2898 1
2897 1
2896 1
2895 1
2893 1
2886 1
2885 1
2882 1
2878 1
2875 1
2874 3
2873 1
2871 1
2868 1
2862 1
2860 1
2857 1
2856 1
2852 1
2846 1
2843 2
2836 1
2827 1
2824 1
2823 1
2822 2
2807 1
2803 1
2798 1
2796 1
2793 1
2789 2
2787 3
2779 1
2775 1
2773 1
2772 1
2770 1
2769 2
2768 1
2764 2
2763 2
2760 2
2758 1
2748 1
2747 1
2746 2
2743 1
2741 1
2736 1
2735 1
2734 1
2732 1
2731 1
2729 1
2721 1
2718 1
2717 1
2709 2
2707 1
2706 1
2700 1
2693 2
2690 2
2686 1
2683 1
2681 1
2679 1
2678 3
2674 1
2672 1
2670 2
2669 2
2667 1
2665 1
2664 2
2662 2
2661 1
2660 1
2659 1
2657 1
2656 1
2655 2
2654 2
2652 3
2651 1
2645 1
2644 1
2643 1
2641 1
2636 2
2635 1
2634 1
2633 1
2632 1
2629 1
2627 2
2625 1
2624 2
2623 1
2622 2
2617 1
2616 2
2615 2
2611 1
2605 1
2604 1
2603 3
2602 1
2601 1
2600 1
2598 1
2597 1
2596 1
2595 1
2593 1
2592 1
2591 1
2590 1
2588 1
2587 2
2586 1
2584 1
2583 1
2582 1
2579 1
2573 1
2571 2
2570 1
2567 1
2565 1
2562 1
2560 1
2559 1
2558 1
2553 3
2552 2
2550 1
2538 1
2537 1
2534 1
2532 1
2531 2
2530 1
2529 1
2520 1
2519 1
2518 1
2517 1
2514 1
2513 2
2512 1
2510 1
2509 1
2508 1
2506 1
2503 1
2502 1
2501 1
2500 1
2498 1
2497 1
2495 2
2494 1
2493 1
2491 1
2490 1
2484 1
2479 1
2472 1
2471 1
2469 1
2467 1
2464 3
2463 2
2462 2
2461 4
2460 2
2459 2
2456 1
2454 2
2453 1
2452 1
2447 1
2446 1
2444 1
2442 1
2439 1
2436 1
2435 1
2434 2
2432 1
2428 2
2427 2
2425 1
2422 1
2421 2
2420 1
2417 1
2416 1
2415 2
2414 1
2413 1
2412 4
2411 1
2410 1
2409 1
2405 1
2404 1
2403 1
2402 1
2399 2
2397 2
2396 1
2395 4
2393 2
2384 1
2382 1
2380 1
2377 1
2374 2
2373 1
2372 2
2371 4
2370 1
2368 1
2366 1
2364 1
2361 2
2360 2
2359 1
2358 2
2357 1
2353 1
2352 1
2350 2
2349 1
2347 1
2344 1
2341 1
2337 2
2335 1
2333 1
2332 2
2331 2
2330 2
2329 1
2328 2
2327 1
2326 1
2320 1
2319 1
2318 1
2317 1
2315 3
2311 1
2310 1
2309 1
2308 2
2307 2
2306 1
2304 4
2303 1
2302 1
2301 1
2300 1
2299 1
2298 1
2297 1
2295 3
2294 2
2293 1
2291 1
2290 1
2289 1
2288 1
2287 3
2285 1
2283 2
2280 4
2278 1
2275 1
2273 1
2272 1
2271 1
2269 1
2268 2
2266 2
2265 1
2263 1
2262 2
2261 1
2260 1
2259 2
2258 1
2257 1
2255 3
2254 2
2250 1
2248 1
2247 1
2242 1
2241 2
2239 1
2238 1
2237 1
2235 3
2234 3
2233 1
2232 1
2230 2
2228 1
2227 4
2225 1
2223 2
2222 3
2219 2
2218 1
2215 3
2211 2
2209 2
2208 1
2205 1
2200 1
2199 4
2198 1
2196 1
2195 1
2194 1
2193 1
2192 1
2191 1
2188 1
2185 1
2183 1
2180 1
2179 1
2178 2
2177 1
2175 1
2174 2
2172 1
2171 1
2168 2
2167 1
2166 1
2165 2
2164 4
2163 2
2162 1
2161 1
2159 2
2158 2
2157 2
2151 1
2150 3
2149 1
2145 2
2143 1
2139 2
2138 2
2137 1
2135 1
2133 1
2132 1
2131 1
2130 1
2129 2
2128 1
2126 1
2125 1
2124 1
2123 1
2122 2
2121 3
2120 1
2119 1
2117 2
2114 1
2113 1
2112 1
2111 2
2109 1
2107 2
2106 1
2105 1
2104 2
2102 2
2101 1
2100 1
2099 3
2098 1
2095 1
2092 4
2091 2
2085 1
2082 2
2081 1
2079 1
2078 1
2077 2
2075 2
2074 3
2073 1
2071 1
2070 1
2067 2
2066 2
2065 1
2064 1
2062 2
2061 3
2060 1
2059 2
2057 1
2056 1
2055 2
2054 1
2053 2
2052 3
2051 1
2050 1
2049 2
2048 1
2047 1
2046 1
2045 1
2044 2
2043 4
2042 1
2041 1
2040 2
2039 2
2037 2
2036 2
2035 1
2034 2
2033 1
2031 1
2027 4
2026 1
2025 2
2022 1
2019 1
2018 1
2017 1
2016 1
2014 1
2011 1
2009 1
2008 2
2006 1
2005 1
2004 1
2003 1
2000 1
1999 4
1998 1
1993 5
1989 1
1988 1
1985 2
1983 1
1982 1
1981 1
1978 1
1977 1
1976 4
1974 2
1973 1
1972 1
1971 1
1969 2
1965 2
1964 3
1963 1
1962 2
1961 1
1960 1
1959 6
1958 1
1956 1
1955 2
1953 1
1952 1
1951 1
1950 2
1949 2
1946 1
1941 2
1940 2
1936 1
1935 1
1934 1
1933 1
1932 2
1931 2
1930 1
1928 2
1927 1
1926 1
1925 1
1924 2
1922 1
1921 1
1919 3
1918 1
1917 2
1915 1
1914 5
1913 2
1912 1
1911 2
1910 9
1909 2
1907 3
1905 3
1904 1
1901 2
1899 1
1897 1
1896 3
1895 1
1894 2
1893 1
1892 3
1890 1
1889 3
1888 1
1887 1
1885 1
1884 1
1882 1
1879 4
1878 4
1875 2
1874 1
1873 1
1870 2
1868 4
1867 2
1865 1
1864 1
1862 1
1861 3
1860 2
1859 1
1858 2
1854 1
1853 1
1852 1
1851 1
1850 1
1849 1
1848 1
1847 1
1845 1
1844 3
1843 1
1842 2
1841 1
1839 2
1837 1
1836 3
1835 1
1833 2
1832 1
1831 1
1830 1
1825 5
1824 3
1823 2
1822 1
1821 4
1820 1
1818 1
1816 3
1815 2
1813 2
1812 4
1811 2
1810 1
1809 3
1808 2
1807 1
1806 3
1801 1
1800 1
1799 3
1798 1
1797 1
1796 1
1795 1
1794 1
1792 2
1791 4
1790 1
1789 1
1788 2
1787 3
1786 3
1785 3
1784 2
1782 1
1781 1
1780 3
1779 2
1778 2
1776 4
1775 1
1774 2
1773 4
1771 1
1770 1
1769 1
1768 3
1767 1
1766 3
1765 1
1764 6
1763 2
1762 2
1761 1
1759 2
1758 4
1757 1
1754 1
1753 2
1752 1
1751 1
1750 2
1749 2
1746 1
1745 2
1744 1
1743 1
1742 1
1740 1
1739 1
1738 1
1737 3
1736 2
1735 1
1734 2
1730 1
1729 4
1728 3
1727 4
1726 3
1725 3
1724 1
1723 1
1722 3
1721 1
1720 6
1716 3
1715 3
1714 1
1712 1
1711 2
1710 3
1709 2
1708 1
1707 3
1705 2
1704 1
1703 3
1702 2
1701 1
1700 1
1699 1
1698 2
1697 3
1696 3
1695 3
1692 1
1691 1
1690 1
1689 1
1688 1
1687 2
1686 3
1685 2
1684 1
1682 1
1681 2
1680 3
1679 2
1677 1
1676 1
1675 1
1673 2
1671 2
1670 2
1669 2
1668 1
1667 3
1666 3
1665 1
1664 1
1663 1
1662 3
1661 2
1660 3
1659 1
1658 1
1657 2
1656 1
1655 4
1654 1
1653 1
1652 1
1650 4
1649 1
1648 4
1647 1
1646 4
1644 1
1643 6
1642 1
1641 1
1640 3
1638 1
1637 1
1636 2
1635 1
1634 1
1632 3
1631 1
1630 3
1629 5
1628 2
1627 3
1626 4
1625 2
1623 6
1622 2
1621 1
1620 1
1619 1
1618 1
1616 3
1615 3
1614 2
1613 2
1612 2
1611 1
1610 3
1609 5
1608 4
1607 2
1606 2
1605 4
1604 3
1602 3
1601 3
1600 4
1598 3
1597 4
1595 3
1594 2
1593 3
1592 4
1591 5
1589 3
1588 4
1587 1
1586 3
1585 3
1584 2
1583 1
1582 1
1581 2
1580 3
1579 1
1578 2
1577 2
1576 3
1575 2
1574 2
1573 1
1572 1
1571 1
1570 2
1569 3
1568 1
1567 3
1565 1
1564 4
1563 1
1562 2
1561 3
1560 3
1559 2
1558 2
1557 1
1556 3
1555 1
1554 2
1553 1
1552 2
1551 2
1550 1
1549 1
1548 4
1547 2
1546 1
1544 5
1543 3
1542 3
1541 2
1539 1
1538 1
1537 2
1536 1
1535 3
1533 5
1532 1
1531 3
1530 1
1529 1
1527 2
1526 4
1525 5
1524 2
1521 1
1520 3
1519 2
1516 3
1515 2
1514 1
1513 3
1512 1
1511 2
1510 4
1508 3
1507 4
1506 3
1505 3
1504 2
1503 2
1502 3
1501 1
1500 2
1498 1
1497 1
1496 3
1495 3
1494 1
1493 2
1492 3
1491 3
1490 1
1488 1
1487 1
1486 1
1485 1
1484 3
1483 3
1482 2
1480 1
1478 2
1477 1
1476 1
1475 3
1474 1
1473 4
1472 3
1471 3
1470 3
1469 4
1468 3
1467 1
1466 2
1465 2
1464 4
1463 2
1462 3
1460 4
1459 2
1458 3
1457 2
1456 1
1454 4
1453 3
1451 2
1450 2
1449 2
1448 3
1447 1
1446 3
1445 3
1444 5
1443 2
1442 1
1441 3
1440 2
1439 1
1438 2
1437 1
1436 1
1435 1
1434 1
1432 2
1431 1
1430 2
1429 2
1428 2
1427 5
1426 3
1425 2
1423 4
1421 3
1419 2
1418 5
1417 2
1416 2
1415 4
1414 4
1413 5
1412 3
1411 3
1410 3
1409 3
1408 2
1407 1
1405 1
1404 2
1403 2
1402 1
1401 6
1400 1
1399 1
1397 1
1395 4
1393 3
1392 3
1391 2
1390 3
1389 3
1388 2
1387 2
1386 1
1385 1
1384 1
1383 2
1382 1
1381 2
1380 7
1379 1
1378 7
1377 4
1376 3
1375 4
1373 2
1371 1
1370 3
1369 2
1368 4
1367 2
1366 4
1365 5
1364 1
1363 1
1362 4
1361 3
1360 4
1359 4
1358 1
1357 6
1356 2
1355 3
1353 2
1352 2
1351 3
1350 1
1349 2
1348 3
1347 1
1346 3
1345 4
1344 6
1342 1
1341 2
1340 1
1339 2
1338 2
1337 2
1336 3
1335 5
1334 2
1333 1
1332 5
1331 4
1330 3
1329 3
1328 2
1327 2
1326 3
1325 1
1324 3
1323 3
1322 2
1321 3
1320 2
1319 3
1318 2
1317 5
1316 3
1314 2
1313 2
1312 3
1311 3
1310 3
1309 6
1308 1
1307 4
1306 2
1305 4
1304 2
1303 1
1302 1
1301 1
1300 2
1299 3
1298 2
1297 1
1296 3
1295 2
1294 1
1293 4
1292 3
1291 1
1290 1
1289 2
1288 2
1287 2
1286 2
1285 2
1284 3
1283 3
1282 2
1281 2
1280 4
1279 5
1278 4
1276 2
1275 2
1274 4
1273 5
1272 3
1271 1
1270 2
1269 3
1268 5
1267 4
1266 3
1265 3
1264 3
1263 4
1262 3
1261 4
1260 3
1259 4
1258 3
1257 3
1256 3
1255 1
1254 2
1253 5
1252 3
1251 1
1250 4
1249 1
1248 5
1247 1
1246 5
1245 3
1244 1
1243 6
1242 3
1241 2
1240 3
1239 5
1238 5
1237 5
1236 5
1235 5
1234 3
1233 3
1232 3
1231 4
1230 1
1228 1
1227 1
1226 4
1225 2
1224 2
1223 1
1222 5
1221 2
1220 4
1219 5
1218 7
1217 2
1216 2
1215 4
1214 5
1213 3
1212 2
1211 8
1210 2
1209 6
1208 5
1207 1
1206 3
1204 5
1203 1
1202 3
1200 2
1199 2
1198 1
1197 3
1195 1
1194 2
1193 3
1192 3
1191 9
1190 1
1189 7
1188 5
1187 6
1186 3
1185 3
1184 2
1183 3
1182 3
1181 5
1180 4
1179 1
1178 2
1177 2
1176 3
1175 1
1174 2
1173 3
1172 2
1171 5
1170 3
1169 5
1168 2
1167 1
1166 2
1165 5
1164 5
1163 1
1162 7
1161 7
1160 2
1159 3
1158 4
1157 4
1156 5
1155 4
1154 6
1153 4
1152 6
1151 4
1150 1
1149 5
1148 2
1147 3
1146 4
1145 2
1144 2
1143 5
1142 4
1141 4
1140 2
1139 2
1138 3
1137 3
1136 4
1135 8
1134 1
1133 8
1132 3
1131 2
1130 4
1129 4
1128 4
1127 5
1126 6
1125 4
1124 5
1123 6
1122 1
1121 2
1120 2
1119 1
1118 7
1117 5
1116 3
1115 3
1113 5
1112 3
1111 6
1110 2
1109 6
1108 2
1107 3
1106 4
1105 3
1104 5
1103 4
1102 5
1101 3
1100 5
1099 7
1098 5
1097 4
1096 4
1095 7
1094 6
1093 3
1092 1
1091 3
1090 4
1089 7
1088 4
1087 3
1086 8
1085 4
1084 5
1083 6
1082 2
1081 7
1080 7
1079 5
1078 3
1077 5
1076 9
1075 2
1074 1
1073 7
1072 6
1071 3
1070 7
1069 6
1068 3
1067 4
1066 4
1065 1
1064 7
1063 3
1062 4
1061 5
1060 2
1059 4
1058 1
1057 3
1056 2
1055 2
1054 6
1053 3
1052 5
1051 1
1050 9
1049 4
1048 6
1047 8
1046 6
1045 5
1044 4
1043 4
1042 3
1041 7
1040 5
1039 2
1038 7
1037 2
1036 7
1035 2
1034 1
1033 2
1032 6
1031 5
1030 4
1029 8
1028 8
1027 2
1026 4
1025 7
1024 5
1023 2
1022 6
1021 6
1020 2
1019 6
1018 2
1017 6
1016 6
1015 3
1014 4
1013 3
1012 5
1011 6
1010 2
1009 6
1008 7
1007 2
1006 4
1005 4
1004 5
1003 1
1002 4
1001 2
1000 6
999 5
998 2
997 3
996 3
995 2
994 3
993 1
992 5
991 5
990 5
989 8
988 5
987 5
986 7
985 4
984 9
983 7
982 3
981 2
980 4
979 6
978 4
977 4
976 7
975 6
974 4
973 5
972 11
971 4
970 5
969 4
968 3
967 7
966 7
965 7
964 3
963 5
962 3
961 6
960 6
959 7
958 4
957 5
956 4
955 1
954 5
953 6
952 6
951 7
950 3
949 4
948 2
947 4
946 3
945 3
944 2
943 3
942 4
941 6
940 10
939 5
938 7
937 5
936 5
935 5
934 4
933 2
932 4
931 8
930 5
929 8
928 6
927 3
926 2
925 6
924 6
923 4
922 8
921 10
920 5
919 6
918 8
917 6
916 5
915 4
914 9
913 5
912 10
911 4
910 5
909 5
908 8
907 5
906 5
905 5
904 10
903 4
902 4
901 4
900 6
899 5
898 11
897 5
896 5
895 6
894 3
893 8
892 11
891 7
890 8
889 6
888 5
887 6
886 7
885 7
884 2
883 5
882 8
881 10
880 6
879 6
878 11
877 5
876 4
875 3
874 6
873 3
872 7
871 8
870 4
869 6
868 12
867 6
866 8
865 4
864 4
863 4
862 4
861 9
860 7
859 2
858 6
857 6
856 6
855 6
854 5
853 9
852 13
851 8
850 5
849 5
848 6
847 9
846 3
845 8
844 3
843 10
842 7
841 8
840 5
839 4
838 6
837 9
836 9
835 7
834 9
833 4
832 10
831 11
830 8
829 4
828 6
827 9
826 5
825 10
824 5
823 6
822 5
821 10
820 2
819 3
818 8
817 12
816 5
815 13
814 5
813 5
812 7
811 9
810 6
809 7
808 5
807 4
805 6
804 5
803 5
802 1
801 6
800 4
799 10
798 5
797 3
796 10
795 10
794 5
793 7
792 9
791 6
790 12
789 7
788 6
787 11
786 8
785 5
784 8
783 6
782 5
781 10
780 11
779 6
778 11
777 5
776 7
775 9
774 9
773 10
772 1
771 12
770 10
769 2
768 8
767 6
766 10
765 5
764 11
763 13
762 7
761 5
760 14
759 4
758 8
757 7
756 10
755 8
754 6
753 5
752 10
751 6
750 7
749 12
748 10
747 10
746 6
745 8
744 6
743 8
742 7
741 4
740 17
739 13
738 5
737 7
736 9
735 7
734 8
733 9
732 13
731 11
730 3
729 8
728 9
727 6
726 11
725 11
724 9
723 12
722 8
721 6
720 15
719 4
718 9
717 10
716 7
715 4
714 12
713 7
712 9
711 13
710 5
709 5
708 5
707 9
706 7
705 10
704 4
703 11
702 3
701 6
700 10
699 12
698 6
697 9
696 9
695 10
694 6
693 9
692 8
691 12
690 12
689 7
688 9
687 9
686 7
685 7
684 7
683 5
682 12
681 10
680 10
679 9
678 7
677 9
676 20
675 9
674 7
673 5
672 8
671 13
670 12
669 5
668 13
667 12
666 9
665 4
664 13
663 12
662 19
661 7
660 12
659 16
658 6
657 12
656 5
655 9
654 9
653 12
652 5
651 14
650 11
649 6
648 6
647 10
646 4
645 12
644 3
643 7
642 7
641 3
640 9
639 7
638 7
637 9
636 13
635 8
634 12
633 6
632 12
631 11
630 10
629 9
628 15
627 16
626 10
625 10
624 10
623 8
622 12
621 11
620 9
619 4
618 14
617 9
616 11
615 12
614 9
613 14
612 9
611 6
610 10
609 16
608 9
607 9
606 14
605 10
604 9
603 5
602 14
601 11
600 14
599 9
598 13
597 10
596 14
595 5
594 11
593 10
592 6
591 8
590 14
589 10
588 7
587 8
586 7
585 12
584 14
583 11
582 14
581 8
580 8
579 9
578 10
577 13
576 16
575 10
574 10
573 13
572 9
571 9
570 11
569 11
568 10
567 16
566 11
565 11
564 13
563 13
562 13
561 7
560 17
559 6
558 13
557 15
556 18
555 10
554 13
553 17
552 19
551 8
550 15
549 12
548 10
547 21
546 12
545 10
544 8
543 16
542 10
541 8
540 6
539 9
538 16
537 13
536 17
535 11
534 11
533 15
532 12
531 9
530 10
529 13
528 12
527 16
526 6
525 11
524 15
523 16
522 14
521 12
520 13
519 13
518 9
517 18
516 9
515 13
514 13
513 10
512 12
511 8
510 14
509 16
508 15
507 11
506 18
505 17
504 13
503 8
502 16
501 12
500 13
499 6
498 13
497 11
496 14
495 10
494 12
493 10
492 16
491 17
490 16
489 11
488 12
487 11
486 19
485 5
484 12
483 16
482 13
481 20
480 15
479 14
478 15
477 13
476 12
475 23
474 12
473 11
472 10
471 14
470 15
469 16
468 10
467 22
466 9
465 13
464 25
463 23
462 15
461 11
460 14
459 12
458 11
457 15
456 15
455 25
454 17
453 19
452 26
451 15
450 15
449 18
448 28
447 19
446 18
445 14
444 22
443 13
442 9
441 18
440 17
439 12
438 19
437 14
436 14
435 17
434 17
433 18
432 14
431 25
430 16
429 19
428 8
427 14
426 13
425 11
424 22
423 24
422 26
421 19
420 14
419 21
418 11
417 14
416 19
415 15
414 17
413 13
412 16
411 17
410 18
409 18
408 16
407 19
406 18
405 23
404 23
403 12
402 26
401 24
400 19
399 24
398 27
397 16
396 23
395 18
394 15
393 22
392 23
391 25
390 18
389 9
388 20
387 16
386 22
385 19
384 16
383 18
382 21
381 17
380 26
379 13
378 25
377 32
376 23
375 22
374 20
373 21
372 23
371 15
370 12
369 25
368 28
367 25
366 21
365 21
364 23
363 20
362 21
361 24
360 23
359 22
358 33
357 17
356 27
355 25
354 28
353 29
352 18
351 27
350 28
349 22
348 20
347 21
346 27
345 25
344 24
343 18
342 22
341 26
340 13
339 23
338 26
337 21
336 29
335 22
334 13
333 24
332 23
331 28
330 22
329 25
328 30
327 18
326 37
325 19
324 33
323 27
322 36
321 19
320 28
319 22
318 29
317 30
316 22
315 28
314 16
313 25
312 24
311 24
310 21
309 34
308 33
307 26
306 20
305 22
304 29
303 21
302 34
301 31
300 15
299 31
298 21
297 25
296 21
295 23
294 28
293 28
292 28
291 22
290 36
289 25
288 26
287 27
286 35
285 33
284 27
283 31
282 33
281 29
280 32
279 28
278 34
277 23
276 31
275 21
274 30
273 30
272 38
271 33
270 33
269 34
268 26
267 34
266 31
265 29
264 32
263 34
262 32
261 29
260 38
259 35
258 40
257 32
256 29
255 30
254 29
253 28
252 37
251 37
250 36
249 43
248 29
247 28
246 32
245 30
244 34
243 40
242 24
241 40
240 34
239 29
238 38
237 36
236 40
235 44
234 33
233 39
232 39
231 37
230 42
229 35
228 29
227 36
226 33
225 40
224 36
223 29
222 40
221 36
220 43
219 33
218 29
217 30
216 54
215 43
214 34
213 38
212 44
211 46
210 35
209 37
208 46
207 48
206 33
205 43
204 35
203 47
202 31
201 45
200 50
199 35
198 41
197 38
196 45
195 35
194 40
193 46
192 36
191 38
190 38
189 39
188 49
187 48
186 40
185 47
184 55
183 49
182 38
181 41
180 40
179 41
178 55
177 57
176 54
175 49
174 53
173 45
172 54
171 60
170 37
169 34
168 45
167 52
166 56
165 52
164 60
163 37
162 61
161 56
160 49
159 48
158 49
157 61
156 51
155 58
154 55
153 54
152 50
151 54
150 47
149 56
148 58
147 41
146 60
145 56
144 48
143 56
142 67
141 56
140 65
139 79
138 51
137 64
136 50
135 59
134 69
133 55
132 66
131 73
130 58
129 43
128 56
127 66
126 59
125 58
124 58
123 56
122 68
121 70
120 56
119 61
118 62
117 57
116 57
115 60
114 57
113 77
112 64
111 75
110 64
109 72
108 71
107 65
106 59
105 68
104 56
103 75
102 87
101 73
100 66
99 74
98 67
97 68
96 73
95 64
94 66
93 65
92 75
91 86
90 77
89 56
88 74
87 66
86 82
85 71
84 74
83 79
82 85
81 93
80 71
79 101
78 87
77 93
76 74
75 76
74 66
73 79
72 93
71 85
70 105
69 99
68 95
67 108
66 90
65 89
64 92
63 89
62 105
61 92
60 80
59 103
58 102
57 108
56 94
55 96
54 109
53 111
52 115
51 119
50 107
49 101
48 118
47 112
46 105
45 110
44 127
43 123
42 118
41 111
40 104
39 103
38 116
37 117
36 116
35 116
34 151
33 131
32 130
31 132
30 119
29 147
28 120
27 135
26 154
25 180
24 136
23 131
22 125
21 154
20 164
19 141
18 139
17 101
16 126
15 100
14 95
13 120
12 120
11 95
10 93
9 116
8 137
7 81
6 262
5 62
4 51
3 21
2 62
1 322
