#numlinks numfiles_with_numlinks
33 10 0.00470588235294118
32 8 0.00376470588235294
63 2 0.000941176470588235
21 27 0.0127058823529412
71 2 0.000941176470588235
7 67 0.0315294117647059
26 19 0.00894117647058824
99 1 0.000470588235294118
18 25 0.0117647058823529
72 1 0.000470588235294118
16 29 0.0136470588235294
44 5 0.00235294117647059
55 2 0.000941176470588235
74 3 0.00141176470588235
84 2 0.000941176470588235
27 14 0.00658823529411765
57 4 0.00188235294117647
61 4 0.00188235294117647
20 31 0.0145882352941176
103 1 0.000470588235294118
10 50 0.0235294117647059
31 20 0.00941176470588235
113 1 0.000470588235294118
35 16 0.00752941176470588
11 32 0.0150588235294118
78 1 0.000470588235294118
48 5 0.00235294117647059
106 1 0.000470588235294118
65 6 0.00282352941176471
29 13 0.00611764705882353
123 1 0.000470588235294118
50 4 0.00188235294117647
39 9 0.00423529411764706
64 2 0.000941176470588235
97 1 0.000470588235294118
41 6 0.00282352941176471
12 35 0.0164705882352941
58 4 0.00188235294117647
15 34 0.016
52 6 0.00282352941176471
60 3 0.00141176470588235
56 6 0.00282352941176471
45 5 0.00235294117647059
66 4 0.00188235294117647
86 1 0.000470588235294118
19 20 0.00941176470588235
62 5 0.00235294117647059
54 3 0.00141176470588235
67 2 0.000941176470588235
70 1 0.000470588235294118
68 2 0.000941176470588235
2 168 0.0790588235294118
17 26 0.0122352941176471
1 445 0.209411764705882
30 14 0.00658823529411765
82 3 0.00141176470588235
25 15 0.00705882352941176
28 19 0.00894117647058824
120 1 0.000470588235294118
40 9 0.00423529411764706
14 35 0.0164705882352941
69 2 0.000941176470588235
59 6 0.00282352941176471
49 2 0.000941176470588235
24 15 0.00705882352941176
124 1 0.000470588235294118
53 4 0.00188235294117647
79 1 0.000470588235294118
22 29 0.0136470588235294
42 8 0.00376470588235294
46 2 0.000941176470588235
0 204 0.096
13 43 0.0202352941176471
23 18 0.00847058823529412
105 1 0.000470588235294118
6 72 0.0338823529411765
36 6 0.00282352941176471
3 112 0.0527058823529412
9 53 0.0249411764705882
51 8 0.00376470588235294
47 5 0.00235294117647059
8 51 0.024
38 11 0.00517647058823529
98 1 0.000470588235294118
4 81 0.0381176470588235
34 12 0.00564705882352941
37 10 0.00470588235294118
43 5 0.00235294117647059
5 71 0.0334117647058824
