#numlinks numfiles_with_numlinks
33 4 0.00188235294117647
32 3 0.00141176470588235
90 1 0.000470588235294118
21 4 0.00188235294117647
102 1 0.000470588235294118
7 56 0.0263529411764706
26 9 0.00423529411764706
18 10 0.00470588235294118
16 22 0.0103529411764706
44 2 0.000941176470588235
55 2 0.000941176470588235
27 12 0.00564705882352941
57 1 0.000470588235294118
108 1 0.000470588235294118
115 1 0.000470588235294118
20 17 0.008
89 1 0.000470588235294118
10 26 0.0122352941176471
31 1 0.000470588235294118
35 4 0.00188235294117647
11 24 0.0112941176470588
157 1 0.000470588235294118
29 5 0.00235294117647059
50 2 0.000941176470588235
39 3 0.00141176470588235
64 1 0.000470588235294118
12 15 0.00705882352941176
15 13 0.00611764705882353
81 1 0.000470588235294118
60 2 0.000941176470588235
56 1 0.000470588235294118
101 1 0.000470588235294118
45 2 0.000941176470588235
86 1 0.000470588235294118
19 17 0.008
62 1 0.000470588235294118
67 2 0.000941176470588235
68 2 0.000941176470588235
2 225 0.105882352941176
17 17 0.008
1 1023 0.481411764705882
30 2 0.000941176470588235
100 1 0.000470588235294118
25 8 0.00376470588235294
28 4 0.00188235294117647
40 3 0.00141176470588235
75 1 0.000470588235294118
14 14 0.00658823529411765
135 1 0.000470588235294118
69 1 0.000470588235294118
24 8 0.00376470588235294
53 1 0.000470588235294118
122 1 0.000470588235294118
42 4 0.00188235294117647
22 4 0.00188235294117647
23 9 0.00423529411764706
13 13 0.00611764705882353
6 98 0.0461176470588235
85 1 0.000470588235294118
36 7 0.00329411764705882
3 138 0.0649411764705882
9 41 0.0192941176470588
51 1 0.000470588235294118
47 1 0.000470588235294118
8 46 0.0216470588235294
4 103 0.0484705882352941
34 3 0.00141176470588235
37 2 0.000941176470588235
43 2 0.000941176470588235
5 70 0.0329411764705882
