#numlinks numfiles_with_numlinks
32 46 0.012599287866338
127 3 0.000821692686935086
90 8 0.00219118049849356
118 2 0.000547795124623391
71 17 0.00465625855929882
102 3 0.000821692686935086
18 47 0.0128731854286497
125 2 0.000547795124623391
16 42 0.0115036976170912
44 35 0.00958641468090934
55 16 0.00438236099698713
84 6 0.00164338537387017
27 67 0.0183511366748836
161 1 0.000273897562311695
95 14 0.00383456587236374
57 17 0.00465625855929882
20 41 0.0112298000547795
163 1 0.000273897562311695
109 7 0.00191728293618187
151 3 0.000821692686935086
89 12 0.00328677074774034
31 39 0.0106820049301561
35 42 0.0115036976170912
11 67 0.0183511366748836
78 17 0.00465625855929882
93 4 0.00109559024924678
106 7 0.00191728293618187
65 17 0.00465625855929882
29 59 0.01615995617639
203 1 0.000273897562311695
291 1 0.000273897562311695
114 11 0.00301287318542865
58 23 0.00629964393316899
15 48 0.0131470829909614
81 9 0.00246507806080526
60 21 0.0057518488085456
73 14 0.00383456587236374
101 5 0.00136948781155848
76 18 0.00493015612161052
86 9 0.00246507806080526
62 20 0.00547795124623391
67 12 0.00328677074774034
165 1 0.000273897562311695
139 2 0.000547795124623391
129 2 0.000547795124623391
2 100 0.0273897562311695
17 51 0.0139687756778965
110 9 0.00246507806080526
82 10 0.00273897562311695
147 5 0.00136948781155848
168 1 0.000273897562311695
135 3 0.000821692686935086
14 62 0.0169816488633251
112 9 0.00246507806080526
69 11 0.00301287318542865
49 33 0.00903861955628595
24 62 0.0169816488633251
140 1 0.000273897562311695
104 4 0.00109559024924678
131 2 0.000547795124623391
181 1 0.000273897562311695
121 3 0.000821692686935086
79 9 0.00246507806080526
0 143 0.0391673514105724
23 50 0.0136948781155848
96 12 0.00328677074774034
126 2 0.000547795124623391
159 1 0.000273897562311695
279 1 0.000273897562311695
47 34 0.00931251711859764
8 96 0.0262941659819228
98 14 0.00383456587236374
37 37 0.0101342098055327
117 1 0.000273897562311695
43 32 0.00876472199397425
5 82 0.022459600109559
33 28 0.00766913174472747
21 62 0.0169816488633251
63 18 0.00493015612161052
7 74 0.0202684196110655
26 47 0.0128731854286497
80 16 0.00438236099698713
119 4 0.00109559024924678
180 1 0.000273897562311695
99 3 0.000821692686935086
72 13 0.00356066831005204
74 9 0.00246507806080526
61 12 0.00328677074774034
108 8 0.00219118049849356
115 2 0.000547795124623391
92 8 0.00219118049849356
103 10 0.00273897562311695
10 51 0.0139687756778965
113 6 0.00164338537387017
152 1 0.000273897562311695
225 1 0.000273897562311695
342 1 0.000273897562311695
91 13 0.00356066831005204
167 1 0.000273897562311695
107 4 0.00109559024924678
48 31 0.00849082443166256
87 15 0.00410846343467543
77 14 0.00383456587236374
133 3 0.000821692686935086
149 1 0.000273897562311695
123 4 0.00109559024924678
50 29 0.00794302930703917
39 36 0.00986031224322103
64 19 0.00520405368392221
97 18 0.00493015612161052
12 71 0.0194467269241304
41 29 0.00794302930703917
52 34 0.00931251711859764
173 1 0.000273897562311695
56 19 0.00520405368392221
45 31 0.00849082443166256
66 12 0.00328677074774034
19 59 0.01615995617639
54 22 0.0060257463708573
70 20 0.00547795124623391
68 13 0.00356066831005204
166 1 0.000273897562311695
1 119 0.0325938099150918
88 13 0.00356066831005204
116 5 0.00136948781155848
30 34 0.00931251711859764
144 2 0.000547795124623391
100 10 0.00273897562311695
25 36 0.00986031224322103
120 6 0.00164338537387017
28 47 0.0128731854286497
40 45 0.0123253903040263
75 16 0.00438236099698713
83 8 0.00219118049849356
134 1 0.000273897562311695
305 1 0.000273897562311695
59 21 0.0057518488085456
150 1 0.000273897562311695
53 17 0.00465625855929882
122 1 0.000273897562311695
158 1 0.000273897562311695
22 58 0.0158860586140783
42 41 0.0112298000547795
46 28 0.00766913174472747
13 62 0.0169816488633251
105 3 0.000821692686935086
6 74 0.0202684196110655
85 8 0.00219118049849356
3 82 0.022459600109559
36 41 0.0112298000547795
94 11 0.00301287318542865
111 2 0.000547795124623391
9 96 0.0262941659819228
51 29 0.00794302930703917
38 37 0.0101342098055327
4 70 0.0191728293618187
34 27 0.00739523418241578
164 2 0.000547795124623391
242 1 0.000273897562311695
