#numlinks numfiles_with_numlinks
32 37 0.0101342098055327
90 5 0.00136948781155848
71 9 0.00246507806080526
102 10 0.00273897562311695
18 91 0.0249246781703643
376 1 0.000273897562311695
125 3 0.000821692686935086
16 79 0.0216379074226239
44 16 0.00438236099698713
55 16 0.00438236099698713
84 3 0.000821692686935086
27 60 0.0164338537387017
161 1 0.000273897562311695
95 3 0.000821692686935086
57 9 0.00246507806080526
20 93 0.0254724732949877
109 3 0.000821692686935086
89 6 0.00164338537387017
148 4 0.00109559024924678
31 39 0.0106820049301561
35 46 0.012599287866338
11 102 0.0279375513557929
347 1 0.000273897562311695
987 1 0.000273897562311695
78 11 0.00301287318542865
93 14 0.00383456587236374
106 2 0.000547795124623391
157 2 0.000547795124623391
65 10 0.00273897562311695
29 45 0.0123253903040263
203 1 0.000273897562311695
138 1 0.000273897562311695
199 1 0.000273897562311695
114 2 0.000547795124623391
58 11 0.00301287318542865
153 2 0.000547795124623391
15 74 0.0202684196110655
137 1 0.000273897562311695
81 12 0.00328677074774034
60 20 0.00547795124623391
101 8 0.00219118049849356
73 10 0.00273897562311695
76 10 0.00273897562311695
86 7 0.00191728293618187
62 18 0.00493015612161052
67 6 0.00164338537387017
1079 1 0.000273897562311695
139 1 0.000273897562311695
129 1 0.000273897562311695
2 107 0.0293070391673514
17 69 0.018898931799507
401 2 0.000547795124623391
82 14 0.00383456587236374
110 5 0.00136948781155848
147 3 0.000821692686935086
249 1 0.000273897562311695
218 4 0.00109559024924678
184 1 0.000273897562311695
14 80 0.0219118049849356
112 2 0.000547795124623391
69 19 0.00520405368392221
172 2 0.000547795124623391
49 14 0.00383456587236374
178 1 0.000273897562311695
24 57 0.0156121610517666
140 2 0.000547795124623391
104 3 0.000821692686935086
131 3 0.000821692686935086
121 2 0.000547795124623391
79 7 0.00191728293618187
0 13 0.00356066831005204
23 60 0.0164338537387017
96 3 0.000821692686935086
126 2 0.000547795124623391
176 1 0.000273897562311695
47 25 0.00684743905779239
8 77 0.0210901122980005
98 4 0.00109559024924678
37 34 0.00931251711859764
43 16 0.00438236099698713
5 105 0.028759244042728
33 26 0.00712133662010408
63 16 0.00438236099698713
21 79 0.0216379074226239
7 80 0.0219118049849356
227 1 0.000273897562311695
26 54 0.0147904683648316
80 13 0.00356066831005204
193 1 0.000273897562311695
119 1 0.000273897562311695
99 4 0.00109559024924678
179 2 0.000547795124623391
72 17 0.00465625855929882
74 3 0.000821692686935086
595 3 0.000821692686935086
61 24 0.00657354149548069
108 1 0.000273897562311695
115 5 0.00136948781155848
92 4 0.00109559024924678
103 6 0.00164338537387017
201 1 0.000273897562311695
10 80 0.0219118049849356
113 4 0.00109559024924678
189 1 0.000273897562311695
207 2 0.000547795124623391
142 3 0.000821692686935086
91 5 0.00136948781155848
48 19 0.00520405368392221
107 7 0.00191728293618187
87 6 0.00164338537387017
77 8 0.00219118049849356
133 1 0.000273897562311695
149 1 0.000273897562311695
50 20 0.00547795124623391
39 24 0.00657354149548069
64 20 0.00547795124623391
97 7 0.00191728293618187
12 53 0.0145165708025199
41 26 0.00712133662010408
52 11 0.00301287318542865
312 1 0.000273897562311695
499 2 0.000547795124623391
56 24 0.00657354149548069
66 14 0.00383456587236374
45 22 0.0060257463708573
19 107 0.0293070391673514
54 21 0.0057518488085456
70 11 0.00301287318542865
68 11 0.00301287318542865
1 163 0.0446453026568064
136 1 0.000273897562311695
116 2 0.000547795124623391
88 4 0.00109559024924678
144 5 0.00136948781155848
30 32 0.00876472199397425
141 2 0.000547795124623391
100 3 0.000821692686935086
128 5 0.00136948781155848
25 47 0.0128731854286497
120 1 0.000273897562311695
28 56 0.0153382634894549
83 5 0.00136948781155848
40 26 0.00712133662010408
75 6 0.00164338537387017
59 17 0.00465625855929882
177 1 0.000273897562311695
130 2 0.000547795124623391
155 2 0.000547795124623391
53 23 0.00629964393316899
22 80 0.0219118049849356
42 21 0.0057518488085456
205 3 0.000821692686935086
158 2 0.000547795124623391
46 27 0.00739523418241578
13 72 0.0197206244864421
105 3 0.000821692686935086
6 110 0.0301287318542865
85 7 0.00191728293618187
36 25 0.00684743905779239
3 118 0.0323199123527801
213 1 0.000273897562311695
497 2 0.000547795124623391
111 2 0.000547795124623391
146 2 0.000547795124623391
9 75 0.0205423171733772
51 18 0.00493015612161052
38 33 0.00903861955628595
4 102 0.0279375513557929
34 39 0.0106820049301561
132 3 0.000821692686935086
196 2 0.000547795124623391
603 2 0.000547795124623391
