#numlinks numfiles_with_numlinks
127 2 0.00163265306122449
33 7 0.00571428571428571
32 11 0.00897959183673469
90 2 0.00163265306122449
21 17 0.0138775510204082
63 6 0.00489795918367347
118 1 0.000816326530612245
71 6 0.00489795918367347
7 51 0.0416326530612245
80 3 0.00244897959183673
26 19 0.0155102040816327
18 27 0.0220408163265306
72 1 0.000816326530612245
264 1 0.000816326530612245
16 25 0.0204081632653061
44 6 0.00489795918367347
55 5 0.00408163265306122
84 2 0.00163265306122449
74 2 0.00163265306122449
27 14 0.0114285714285714
95 1 0.000816326530612245
57 4 0.00326530612244898
61 3 0.00244897959183673
115 1 0.000816326530612245
20 15 0.0122448979591837
92 2 0.00163265306122449
109 1 0.000816326530612245
103 1 0.000816326530612245
89 2 0.00163265306122449
10 49 0.04
31 13 0.0106122448979592
113 1 0.000816326530612245
35 7 0.00571428571428571
11 39 0.0318367346938776
91 1 0.000816326530612245
78 2 0.00163265306122449
107 1 0.000816326530612245
48 5 0.00408163265306122
77 2 0.00163265306122449
65 3 0.00244897959183673
29 8 0.00653061224489796
149 1 0.000816326530612245
50 3 0.00244897959183673
39 12 0.00979591836734694
64 2 0.00163265306122449
97 3 0.00244897959183673
114 1 0.000816326530612245
58 2 0.00163265306122449
41 8 0.00653061224489796
12 46 0.0375510204081633
258 1 0.000816326530612245
15 25 0.0204081632653061
137 1 0.000816326530612245
52 3 0.00244897959183673
60 3 0.00244897959183673
56 6 0.00489795918367347
73 1 0.000816326530612245
66 3 0.00244897959183673
101 1 0.000816326530612245
45 6 0.00489795918367347
86 1 0.000816326530612245
19 18 0.0146938775510204
76 1 0.000816326530612245
62 2 0.00163265306122449
54 5 0.00408163265306122
67 3 0.00244897959183673
70 2 0.00163265306122449
165 1 0.000816326530612245
68 1 0.000816326530612245
2 77 0.0628571428571429
17 17 0.0138775510204082
166 1 0.000816326530612245
1 7 0.00571428571428571
88 2 0.00163265306122449
30 12 0.00979591836734694
82 1 0.000816326530612245
25 10 0.00816326530612245
28 9 0.0073469387755102
83 3 0.00244897959183673
40 8 0.00653061224489796
250 1 0.000816326530612245
14 24 0.0195918367346939
69 3 0.00244897959183673
59 4 0.00326530612244898
49 6 0.00489795918367347
24 14 0.0114285714285714
224 1 0.000816326530612245
150 1 0.000816326530612245
104 1 0.000816326530612245
131 1 0.000816326530612245
53 1 0.000816326530612245
79 2 0.00163265306122449
42 10 0.00816326530612245
22 25 0.0204081632653061
154 1 0.000816326530612245
46 3 0.00244897959183673
13 40 0.0326530612244898
23 16 0.0130612244897959
6 67 0.0546938775510204
36 9 0.0073469387755102
3 32 0.0261224489795918
146 1 0.000816326530612245
9 57 0.046530612244898
51 4 0.00326530612244898
47 8 0.00653061224489796
38 7 0.00571428571428571
8 48 0.0391836734693878
98 1 0.000816326530612245
4 56 0.0457142857142857
34 7 0.00571428571428571
37 13 0.0106122448979592
43 9 0.0073469387755102
5 74 0.0604081632653061
