#numlinks numfiles_with_numlinks
33 15 0.0122448979591837
32 11 0.00897959183673469
90 1 0.000816326530612245
63 2 0.00163265306122449
21 22 0.0179591836734694
71 3 0.00244897959183673
102 1 0.000816326530612245
7 31 0.0253061224489796
80 1 0.000816326530612245
26 19 0.0155102040816327
18 20 0.0163265306122449
16 30 0.0244897959183673
44 10 0.00816326530612245
55 4 0.00326530612244898
74 2 0.00163265306122449
27 23 0.0187755102040816
57 7 0.00571428571428571
61 2 0.00163265306122449
108 1 0.000816326530612245
230 1 0.000816326530612245
20 21 0.0171428571428571
103 1 0.000816326530612245
10 40 0.0326530612244898
31 19 0.0155102040816327
35 12 0.00979591836734694
11 48 0.0391836734693878
142 1 0.000816326530612245
347 1 0.000816326530612245
78 2 0.00163265306122449
48 11 0.00897959183673469
87 1 0.000816326530612245
77 1 0.000816326530612245
29 11 0.00897959183673469
65 7 0.00571428571428571
50 4 0.00326530612244898
39 10 0.00816326530612245
64 2 0.00163265306122449
97 1 0.000816326530612245
41 15 0.0122448979591837
58 4 0.00326530612244898
12 44 0.0359183673469388
15 32 0.0261224489795918
52 1 0.000816326530612245
81 4 0.00326530612244898
60 5 0.00408163265306122
56 3 0.00244897959183673
66 2 0.00163265306122449
73 4 0.00326530612244898
45 6 0.00489795918367347
76 2 0.00163265306122449
86 2 0.00163265306122449
19 20 0.0163265306122449
62 3 0.00244897959183673
54 3 0.00244897959183673
67 4 0.00326530612244898
70 3 0.00244897959183673
68 4 0.00326530612244898
17 21 0.0171428571428571
2 18 0.0146938775510204
1 31 0.0253061224489796
88 1 0.000816326530612245
141 1 0.000816326530612245
30 6 0.00489795918367347
909 1 0.000816326530612245
100 1 0.000816326530612245
82 2 0.00163265306122449
25 18 0.0146938775510204
120 1 0.000816326530612245
28 25 0.0204081632653061
83 2 0.00163265306122449
40 4 0.00326530612244898
14 36 0.0293877551020408
59 5 0.00408163265306122
69 2 0.00163265306122449
49 11 0.00897959183673469
24 15 0.0122448979591837
53 2 0.00163265306122449
79 2 0.00163265306122449
22 18 0.0146938775510204
42 7 0.00571428571428571
46 12 0.00979591836734694
0 99 0.0808163265306122
13 32 0.0261224489795918
23 17 0.0138775510204082
6 45 0.036734693877551
85 1 0.000816326530612245
3 32 0.0261224489795918
36 13 0.0106122448979592
51 9 0.0073469387755102
9 29 0.0236734693877551
47 13 0.0106122448979592
8 31 0.0253061224489796
38 8 0.00653061224489796
4 23 0.0187755102040816
34 13 0.0106122448979592
37 6 0.00489795918367347
117 1 0.000816326530612245
196 1 0.000816326530612245
43 11 0.00897959183673469
5 39 0.0318367346938776
