#numfiles_with_numlinks numlinks 
160 22
1 245
3 246
20 58
1 228
1 261
1 138
1 570
494 7
2 190
14 62
6 152
7 98
1 893
3 101
1 512
1 2375
367 9
2 180
2 206
4 132
1 790
2 188
1 332
2 198
1 238
17 70
1 825
3 217
2 166
14 68
2 148
6 121
1 267
1 184
1 627
9 72
24 60
1 2309
1 146
164 21
1 1219
1 1060
1 484
2 241
1 324
1 8765
1 502
1 495
16 74
3 220
1 199
1 172
1 259
5 90
3 186
8 79
1 1016
14 66
1 255
4 181
1 714
2 134
1 368
4 161
2 455
1 353
4 160
1 153
4 171
1 413
1 179
5 106
8 104
1 2883
1 276
1 1388
1 339
30 59
13 75
1 643
419 8
4 125
2 94
520 4
1 412
2 304
5 226
1 582
31 54
1 164
3 136
2 144
1 431
2 684
118 25
3 175
3 118
1 1484
1 388
1 1167
13 73
23 57
2 564
1 395
216 18
78 30
2 192
1 433
9 89
1 182
43 51
2 302
1 573
9 105
368 11
1 422
416 2
37 43
5 95
1 480
3 120
1 32460
12 80
50 42
1 481
7 108
1 1262
1 626
22 63
6 135
80 31
1 219
451 1
131 24
56 39
3 130
1 263
1 222
464 5
5 140
168 20
1 289
1 147
1 264
3 193
1 185
3 250
2 328
2 362
6 102
1 634
3 159
12 84
8 112
1 606
1 329
1 598
5 117
1 404
3 173
4 131
31 53
1 203
10 76
6 115
31 55
1 1801
3 165
1 375
13 91
17 65
1 2222
1 458
9 85
1 406
1 200
8 97
12 100
40 49
77 32
1 381
1 156
1 894
4 211
1 223
3 477
44 48
3 137
1 331
103 27
7 93
73 34
46 46
1 176
1 1301
1 4173
1 327
3 534
90 29
1 177
1 215
243 13
1 1010
1 196
1 579
1 313
40 44
1 210
1 235
35 52
2 194
15 71
1 521
11 81
1 347
3154 0
4 124
1 816
1 1570
3 191
1 163
43 41
256 14
1 1160
1 464
4 127
8 96
2 361
5 111
1 423
208 17
1 168
1 438
3 155
1 334
13 78
2 208
6 129
2 116
1 257
186 19
2 150
1 244
2 204
1 881
387 10
1 320
4 178
12 83
1 440
8 86
2 162
1 242
1 799
16 69
7 92
1 290
1 252
4 201
2 268
1 1006
2 195
1 737
79 33
1 209
1 392
1 227
4 218
1 719
1 501
43 38
2 187
1 607
5 110
1 126
7 114
28 56
56 40
71 36
1 473
1 189
95 28
1 183
438 3
24 67
1 571
1 1387
46 45
1 247
1 342
3 139
1 256
1 315
41 47
1 298
8 77
1 711
63 37
18 61
2 151
1 472
107 26
3 197
19 50
12 88
1 133
3 141
1 360
6 113
1 2867
4 119
9 103
1 849
1 496
10 82
14 64
1 995
1 2099
1 450
1 207
1 5770
261 15
2 174
11 87
6 107
8 99
1 625
1 230
1 803
71 35
2 366
528 6
1 874
349 12
1 291
2 149
2 383
2 258
5 123
1 243
203 16
2 403
4 122
4 143
1 345
1 109
2 233
2 154
1 2434
1 3989
145 23
2 169
2 167
1 394
4 128
3 239
3 262
3 410
6 170
