#numfiles_with_numlinks numlinks
79 49
89 32
12 97
21 100
2 200
19 91
35 65
25 85
45 55
1 369
3 165
1 445
8 115
1 173
6 131
51 53
1 203
29 76
2 308
11 117
13 102
5 159
20 84
7 112
3 365
1 1084
4 193
1 185
2 147
179 20
6 140
3 222
267 5
10 130
159 24
1 338
88 39
5 202
133 31
1 219
163 1
64 63
4 135
4 108
1 427
7 120
24 80
76 42
2980 2
78 43
10 95
16 105
238 11
2 182
62 51
1 433
18 89
1 192
150 30
248 18
1 593
1 224
1 395
30 73
27 57
2 287
5 144
1 175
177 25
11 118
1 164
59 54
7 136
296 4
2 213
1 877
1 371
34 75
2 157
301 8
6 125
13 94
47 59
6 104
1 616
9 106
3 179
3 153
6 160
2 171
4 161
1 455
6 134
1 368
1 181
1 186
27 90
26 79
36 66
30 74
1 220
2 199
6 172
2 259
1 324
2 241
8 146
199 21
3 184
29 72
44 60
1 269
5 148
39 68
8 121
5 166
1 411
31 70
1 198
1 238
1 918
1 205
1 332
318 9
6 132
38 62
1 190
1 152
1 552
17 98
14 101
7 138
283 7
1 228
178 22
1 319
2 245
45 58
1 170
4 231
8 128
1 239
1 262
7 169
2 167
1 282
177 23
1 345
3 233
12 109
5 154
3 260
1 221
213 16
1 303
8 122
8 143
3 142
1 243
1 354
11 123
1 149
2 291
2 249
236 12
91 35
295 6
6 107
8 99
1 230
1 1169
1 207
223 15
4 174
19 87
1 322
27 82
48 64
1 286
13 113
8 119
10 103
50 50
17 88
12 133
6 141
5 151
156 26
4 197
28 77
98 37
42 61
58 47
1 591
4 139
65 45
1 247
46 67
150 28
220 3
1 183
1 425
110 36
1 448
1 578
94 40
53 56
1 340
4 126
13 114
1 330
3 187
17 110
2 218
1 719
98 38
109 33
1 268
1 195
32 69
19 92
2 252
4 162
7 145
24 86
1 204
286 10
3 178
16 83
1 244
1 292
188 19
1 1498
2 212
1 648
1 279
1 150
7 129
8 116
1 155
34 78
233 17
1 168
14 96
11 111
1 503
3 127
2 163
88 41
3 158
1 478
219 14
1 359
1 191
7 124
19 81
1 253
465 0
1 391
41 71
1 194
1 235
64 52
63 44
1 300
1 196
253 13
137 29
1 215
81 46
1 176
162 27
20 93
90 34
1 248
1 223
65 48
4 137
1 331
1 156
